2
11
59
71
76
80
89
143
146
164
165
195
230
234
276
290
291
292
312
372
414
472
476
511
523
583
594
600
659
698
702
707
708
711
735
737
747
750
755
756
757
760
763
764
777
843
861
892
941
974
1014
1070
1086
96190
96600
96709
96877
96960
97016
97099
97109
97152
97183
97210
97217
97241
97249
97350
97388
97393
97439
97603
97615
97619
97626
97721
97733
97737
97759
97769
97905
97959
97995
98011
98077
98109
98129
98147
98172
98199
98238
98259
98289
98410
98494
98505
98508
98613
98628
98702
98747
98761
98781
98794
98835
98892
98930
99040
99085
99110
99124
99126
99127
99139
99170
99171
99190
99205
99206
99210
99228
99245
99281
99301
99325
99371
99440
99519
99588
99621
99692
99728
99747
99776
99802
99804
99810
99811
99817
99831
99861
99879
99975
99984